1000 5000
868 434 9
732 161 20
444 445 17
362 363 7
875 330 2
40 973 13
120 651 3
525 483 14
999 683 17
443 294 2
941 953 10
290 710 16
375 236 11
722 653 3
954 451 13
209 303 7
237 238 17
974 664 14
775 205 15
661 662 8
172 544 15
499 500 1
583 191 2
755 22 14
28 936 18
872 466 9
750 546 2
880 622 10
78 104 2
495 597 6
621 701 4
478 381 1
243 36 13
690 873 20
896 866 6
936 704 3
754 462 9
288 18 13
591 861 8
187 907 1
865 812 20
765 647 9
753 979 6
161 180 2
983 199 11
248 249 8
168 918 18
266 267 1
121 454 3
883 884 1
498 499 7
483 484 16
173 174 3
242 243 8
745 865 8
689 690 2
928 889 19
587 588 19
925 233 6
433 758 10
404 489 6
710 942 19
19 222 4
701 107 19
52 637 3
793 97 13
12 353 6
898 456 10
332 53 20
938 557 7
376 257 15
285 161 6
971 621 8
379 380 2
92 205 4
880 478 4
580 862 19
76 866 10
811 714 2
279 528 16
67 68 9
134 970 15
981 333 2
350 628 5
868 580 10
748 75 17
444 150 16
391 427 14
13 14 4
185 887 10
2 73 15
99 100 14
491 66 13
47 115 16
651 312 20
398 399 2
661 482 11
665 666 2
314 206 19
137 701 13
796 797 7
873 51 18
653 100 17
778 6 6
509 617 15
37 86 4
233 527 18
472 920 18
516 734 7
997 915 6
342 343 17
260 186 12
463 641 7
689 491 6
535 84 16
545 857 14
794 795 3
75 717 3
564 508 15
999 430 2
175 837 9
348 349 6
454 731 11
805 715 1
70 739 9
166 299 3
333 164 18
762 223 14
175 351 8
382 899 18
584 585 4
765 649 2
426 286 20
906 907 1
24 807 7
357 766 1
563 238 19
850 272 14
441 989 11
962 697 1
393 750 3
983 71 15
902 170 16
510 259 13
55 582 2
35 499 3
489 490 5
117 511 4
434 895 16
352 783 13
211 754 11
198 650 3
254 255 10
538 721 11
153 99 17
671 648 12
478 933 19
631 186 9
663 389 4
833 470 12
299 982 13
391 66 6
448 998 15
488 600 1
476 848 4
646 827 1
400 416 18
434 32 4
650 530 8
793 813 5
897 704 8
715 462 14
870 963 16
152 18 17
953 14 17
127 128 14
463 415 2
997 260 9
120 384 11
507 282 2
207 208 7
763 410 17
350 979 7
961 559 8
803 511 14
917 903 3
86 675 5
212 706 13
313 742 2
177 727 12
413 171 6
709 254 1
248 273 4
118 175 1
892 571 5
349 350 17
973 562 14
353 496 12
454 455 10
201 780 18
851 697 3
589 394 15
656 611 5
111 901 4
515 289 14
329 32 13
59 410 19
842 337 3
401 57 20
86 644 8
453 599 7
312 39 16
50 689 6
442 558 12
174 363 12
921 944 15
243 959 3
952 564 11
17 521 5
352 353 13
402 964 8
107 614 19
550 304 12
847 848 12
185 21 10
587 234 18
191 696 3
182 784 8
717 46 14
741 250 15
336 337 15
806 807 18
956 910 13
214 711 20
682 213 9
623 667 8
888 5 5
800 384 14
457 547 13
666 775 5
898 486 12
484 52 17
857 470 9
206 869 7
914 300 10
512 619 11
358 150 15
958 959 3
958 582 16
167 49 3
924 161 10
674 216 14
265 521 3
409 991 11
953 209 18
653 13 10
280 281 6
687 688 17
954 955 17
816 200 20
122 123 2
722 195 13
381 198 14
617 618 1
997 998 6
742 743 4
864 147 7
426 310 16
523 101 8
450 353 5
757 732 6
426 758 4
916 721 3
592 772 17
98 983 5
33 34 9
721 722 17
178 622 3
255 256 6
32 588 12
114 809 13
373 764 17
197 281 7
465 371 14
430 656 18
81 201 6
680 256 16
826 647 15
543 498 4
184 960 17
959 430 8
607 761 5
551 908 13
130 131 16
271 783 10
170 171 3
442 784 19
191 203 17
506 936 4
530 880 10
81 842 15
278 279 5
81 59 20
999 697 14
145 146 20
372 277 2
729 906 19
594 143 18
813 814 18
703 419 2
465 340 17
712 515 13
999 565 16
811 913 3
284 910 12
663 306 8
947 948 6
129 600 15
603 604 19
799 500 4
925 926 16
293 294 6
545 867 9
550 833 6
748 749 18
887 116 1
933 880 11
917 443 7
216 211 1
407 187 18
792 793 4
253 399 6
183 184 3
399 765 5
536 820 11
813 767 13
856 55 12
536 257 19
872 785 9
557 558 9
220 189 8
10 206 18
113 439 20
920 446 13
518 648 18
847 282 8
702 362 8
58 379 18
330 654 12
82 447 7
495 130 9
21 22 9
343 809 19
859 31 13
771 845 7
520 904 12
358 561 17
754 290 14
844 845 18
624 109 13
648 401 3
765 473 5
733 665 14
595 414 15
681 797 8
422 423 20
845 61 1
979 140 19
494 427 16
150 814 8
649 650 10
554 242 3
61 874 8
101 56 1
988 422 18
501 707 1
275 276 17
826 49 13
769 476 14
215 868 17
174 571 20
733 734 19
162 935 6
537 538 1
142 143 5
790 772 17
801 695 13
942 159 14
619 12 17
906 738 6
280 147 19
931 307 15
974 975 3
769 450 11
419 59 14
475 232 4
24 743 11
799 60 16
358 359 6
103 104 4
849 850 13
485 486 12
473 657 11
158 565 20
651 446 11
314 643 11
500 34 15
710 113 9
593 594 14
524 576 11
109 442 18
232 578 1
947 534 20
521 522 16
317 164 10
103 784 5
840 617 3
317 115 10
371 199 15
856 981 3
68 632 12
946 978 13
986 717 4
728 158 1
224 284 12
488 46 20
209 203 20
515 600 14
344 345 1
903 897 4
775 913 16
257 240 15
281 114 17
738 739 7
100 721 18
14 15 15
367 969 5
540 541 16
892 325 6
296 337 10
917 792 20
92 936 14
86 931 1
785 230 6
102 23 14
66 767 13
613 614 17
433 285 11
450 53 11
293 497 15
779 264 19
377 606 4
106 347 15
886 26 17
968 61 9
783 410 14
223 267 10
632 83 18
303 688 7
40 742 3
961 962 13
89 594 13
25 116 16
331 554 11
761 308 14
696 697 6
42 921 12
575 472 6
647 933 1
278 362 5
97 98 17
974 308 9
368 789 9
598 1 9
404 155 17
566 569 16
476 472 4
384 385 13
616 838 18
926 544 1
542 233 17
829 628 18
493 494 5
793 874 6
6 547 9
71 72 7
28 659 13
108 506 4
728 654 18
397 450 19
820 504 2
254 192 15
278 993 6
751 480 5
226 227 18
695 687 7
605 606 3
880 912 8
382 43 9
600 119 11
548 552 1
6 7 14
516 903 10
540 532 9
779 47 6
370 371 8
176 922 5
177 723 5
257 919 8
727 915 4
86 235 3
5 341 11
272 71 4
268 963 5
645 646 3
66 355 3
386 451 17
359 190 16
163 343 10
304 686 3
515 643 8
128 646 11
531 532 1
534 285 4
912 969 19
502 299 18
786 660 3
317 318 6
519 447 10
952 430 2
916 795 9
858 382 9
984 487 3
102 249 8
310 897 17
437 253 4
624 625 16
604 845 18
600 954 20
527 911 19
956 629 8
220 709 8
25 26 20
838 245 16
797 376 8
456 724 7
850 806 7
352 630 2
959 960 1
373 548 18
777 531 2
167 649 13
502 503 9
152 153 9
129 177 20
939 30 15
194 342 5
802 845 20
285 469 7
553 540 1
563 869 15
382 475 4
679 680 13
440 163 14
586 471 8
727 492 7
323 324 14
788 396 10
181 182 17
558 402 15
824 161 9
552 224 10
306 659 4
172 98 13
99 5 12
682 627 16
561 562 5
528 443 4
343 877 5
479 682 4
387 729 13
589 610 9
681 196 7
250 909 2
310 937 10
835 826 5
760 883 12
634 635 6
183 322 7
806 125 4
334 392 10
771 448 14
187 31 1
673 674 3
442 716 1
49 50 11
114 242 1
381 528 14
490 47 19
248 281 8
697 789 12
564 427 19
684 69 1
535 14 7
219 220 13
609 848 16
775 623 13
37 453 9
155 903 11
975 443 5
642 608 20
105 106 11
866 882 3
721 368 18
490 491 9
992 47 18
401 402 6
534 211 15
72 756 3
584 802 8
672 164 4
546 351 13
42 678 14
436 437 4
526 248 5
547 963 12
364 368 11
318 78 1
936 317 18
191 511 16
891 892 20
605 170 1
9 251 18
828 375 2
798 799 18
363 131 16
826 928 15
291 270 16
716 949 1
340 883 3
809 202 19
921 11 3
84 389 4
958 615 10
663 328 17
146 147 14
356 870 16
113 644 16
923 775 19
257 258 9
724 703 19
339 574 18
978 229 9
355 839 2
690 691 12
293 257 7
621 390 3
262 488 5
945 536 8
726 356 5
915 916 18
278 516 19
809 810 9
561 461 8
767 428 5
246 985 20
213 157 10
816 737 18
896 897 11
140 368 10
168 169 20
597 970 16
62 427 4
585 510 13
988 404 6
212 840 19
689 302 10
107 911 20
482 483 8
542 84 6
790 116 14
822 439 6
932 733 11
855 458 5
585 332 20
216 323 20
588 200 10
458 459 15
571 70 8
753 754 4
398 898 2
774 988 4
625 626 8
830 456 6
660 661 2
744 57 5
268 777 15
215 613 11
321 955 4
623 869 1
827 698 9
604 662 20
40 41 13
571 572 3
906 761 8
869 32 6
697 698 19
796 368 1
442 569 5
804 115 19
862 863 9
194 178 7
684 628 9
958 777 6
505 632 1
376 254 5
454 28 19
785 904 3
647 14 17
683 684 1
101 599 1
732 578 8
911 767 3
392 393 8
756 757 2
821 309 16
376 235 5
147 411 1
562 846 9
157 158 13
923 305 17
806 783 17
323 625 8
866 867 18
506 507 20
917 607 16
428 429 9
107 268 20
181 908 15
827 241 1
739 662 7
431 691 10
7 997 16
820 821 8
873 308 19
461 801 18
237 932 3
241 606 3
354 129 7
868 869 13
321 322 12
447 448 5
382 999 2
654 779 17
888 548 20
973 974 6
564 462 2
924 228 19
552 163 15
746 127 19
467 224 5
775 776 15
981 982 1
111 112 13
588 756 17
646 846 7
761 267 18
607 218 2
341 883 6
947 260 3
126 815 4
544 545 16
621 592 16
676 828 1
722 334 16
815 816 15
313 834 15
381 382 19
303 304 8
111 488 17
227 804 2
632 930 2
660 328 5
621 622 16
564 567 14
757 62 15
21 49 12
871 980 13
434 423 16
765 766 6
707 94 11
124 125 13
318 291 3
543 544 18
939 880 13
100 173 4
57 339 17
372 451 3
910 820 8
536 22 11
445 386 17
715 649 7
458 770 15
691 582 11
270 22 12
5 240 1
257 376 3
552 266 7
318 489 1
234 143 5
23 24 6
784 317 18
483 185 1
136 584 6
497 522 12
18 178 10
485 196 9
528 529 7
950 481 12
429 757 14
149 427 7
513 514 16
224 225 3
659 660 12
476 22 14
432 427 19
933 530 12
391 186 15
996 198 4
994 247 10
849 338 18
489 374 16
298 362 20
42 43 2
576 186 19
633 696 12
734 138 16
370 667 10
10 11 14
558 832 19
747 748 17
143 26 20
82 44 10
410 411 12
617 597 16
762 871 19
510 511 5
863 927 10
312 115 6
835 531 19
380 189 1
389 241 6
167 934 15
854 550 13
758 512 10
744 832 3
145 426 1
992 713 20
48 316 4
307 688 7
652 867 11
105 161 17
305 936 17
832 240 7
923 613 1
142 668 4
722 723 17
8 286 8
413 588 5
6 66 11
383 77 10
167 866 15
950 524 10
306 40 4
694 178 1
76 535 15
436 651 3
307 292 20
934 664 17
603 442 5
554 343 10
663 638 7
748 288 1
914 915 12
820 715 2
190 150 19
998 641 7
869 304 12
812 334 4
412 413 17
368 455 20
452 453 4
966 577 7
388 377 14
136 137 15
273 476 9
877 411 13
507 363 4
835 250 8
708 709 12
525 888 7
154 958 16
720 848 14
331 977 14
443 701 4
217 692 9
264 33 11
942 70 18
751 508 18
58 187 17
423 215 6
962 963 7
901 902 20
771 744 3
211 212 9
557 715 17
172 208 10
905 962 12
395 949 10
706 707 8
131 603 11
997 291 1
564 165 10
272 43 1
462 124 10
425 449 1
77 674 1
876 199 8
90 533 10
843 172 10
976 183 5
377 347 2
491 726 15
65 519 1
218 168 2
616 617 16
156 708 13
117 496 3
495 557 12
879 701 4
441 593 8
393 370 8
321 462 20
858 859 6
952 663 16
895 533 19
564 685 8
340 606 9
441 764 11
958 622 4
247 19 17
417 572 20
931 753 5
595 362 20
964 571 14
699 926 8
474 771 13
22 23 5
951 499 18
289 290 5
214 830 4
420 421 10
533 428 3
270 323 6
202 526 19
590 99 15
95 96 6
586 587 13
318 51 6
143 353 4
603 558 19
654 245 6
618 306 12
973 239 5
104 341 2
546 946 14
134 922 9
695 432 16
285 378 18
293 32 14
941 124 19
269 300 8
87 436 10
902 594 20
511 564 3
249 711 15
748 977 11
497 498 20
371 763 10
961 26 13
863 854 9
519 664 1
766 396 9
196 795 5
864 691 12
604 368 2
455 929 11
747 211 16
798 140 1
418 178 14
782 783 17
83 84 17
248 693 11
649 373 20
949 312 19
928 905 13
624 921 7
458 227 6
721 909 14
984 56 15
85 86 10
292 869 4
296 297 12
628 641 15
680 64 17
316 376 13
301 358 17
545 236 1
477 481 11
643 644 5
980 376 5
52 348 7
652 813 6
369 792 6
170 812 5
935 936 1
862 34 10
769 286 6
483 810 13
656 438 6
206 207 20
737 738 10
988 320 15
325 846 19
802 745 11
979 481 10
663 987 5
409 410 13
516 297 6
339 340 18
27 493 4
642 580 6
261 79 7
472 536 1
921 594 9
352 393 14
358 268 4
294 580 9
639 780 12
735 736 6
505 912 8
694 170 17
739 236 11
412 820 6
374 503 8
734 459 7
629 151 12
552 217 13
760 761 15
827 362 2
800 801 2
273 274 11
759 775 10
767 94 16
167 458 9
139 344 8
855 410 10
74 583 5
447 610 7
325 563 19
867 763 8
519 809 6
455 213 17
195 196 13
960 540 12
1 866 2
441 8 17
57 141 10
65 735 8
924 285 18
510 102 15
936 979 9
770 892 10
852 853 16
563 564 3
856 857 15
621 888 18
725 939 10
302 140 1
170 155 19
68 69 17
207 691 13
964 965 14
437 352 20
413 863 1
677 882 19
154 447 16
19 460 7
76 77 12
966 230 7
280 251 18
185 186 4
44 181 6
654 702 5
745 436 19
987 938 11
335 918 1
578 579 20
814 427 17
675 676 14
804 355 9
896 4 3
947 351 13
129 820 15
818 905 20
549 682 9
818 643 20
64 568 15
763 764 6
497 644 6
894 895 11
581 236 1
545 920 17
788 789 2
408 741 12
545 779 14
771 772 1
128 244 13
956 849 17
306 641 11
809 638 16
407 562 13
759 736 16
386 876 3
55 930 13
759 713 5
262 263 14
803 804 6
407 337 16
988 238 3
731 597 8
394 688 2
930 931 12
537 508 9
669 336 7
710 711 4
804 715 18
139 140 4
864 80 5
609 610 7
350 351 6
807 128 14
880 881 6
83 693 6
713 357 2
212 726 4
766 16 19
678 679 16
794 272 16
547 703 2
111 225 13
83 602 9
509 952 8
62 403 3
98 99 10
211 304 18
458 352 3
375 933 20
623 326 11
94 403 19
556 557 5
589 937 10
592 607 15
368 403 10
61 1 9
197 243 9
920 953 15
299 300 20
193 428 6
444 313 12
283 284 9
404 565 2
681 682 14
861 831 2
806 497 20
48 49 14
113 114 20
797 320 20
175 176 20
267 221 14
448 148 7
244 984 18
158 44 9
153 154 7
24 527 3
170 321 12
166 474 20
225 473 3
427 736 7
177 178 13
541 617 9
825 841 19
703 704 14
233 539 3
287 288 18
792 16 14
396 751 13
978 979 9
256 344 2
930 277 11
742 114 11
938 609 9
250 320 6
15 850 9
799 800 1
209 335 15
410 580 2
795 588 9
355 582 6
16 942 9
327 328 18
657 525 10
471 472 4
86 87 10
375 711 13
338 339 19
484 485 15
848 849 9
490 427 6
597 925 11
565 566 9
560 478 11
442 325 3
479 811 18
873 874 5
640 198 2
324 325 1
95 860 17
431 831 9
104 692 19
21 12 2
677 195 4
272 292 12
967 101 17
435 813 17
940 877 12
344 93 2
983 90 16
494 991 2
72 73 5
213 975 19
256 609 16
680 761 2
380 119 1
17 891 6
36 37 14
750 751 8
754 595 18
867 602 11
676 679 5
413 414 19
459 460 15
926 176 3
502 968 14
554 813 5
349 633 18
157 80 20
408 638 11
646 237 2
550 301 10
930 662 2
577 2 1
546 547 17
642 205 1
608 464 20
363 936 7
497 8 13
966 823 1
938 204 2
188 269 1
815 191 2
91 114 2
654 222 13
343 54 5
672 922 17
234 495 12
703 888 11
926 927 5
242 524 9
278 201 3
526 527 20
251 693 10
262 803 11
12 859 4
926 763 18
8 546 17
112 243 6
691 692 10
347 744 12
841 573 16
164 165 19
225 125 4
484 833 16
200 89 7
573 478 15
880 470 10
123 817 3
791 451 10
823 248 16
710 205 13
606 607 3
536 537 8
281 450 18
476 748 16
126 438 8
184 185 5
15 863 16
746 608 3
29 19 16
167 168 4
223 224 2
427 802 11
216 187 6
727 618 20
824 771 14
823 271 13
491 492 15
60 61 5
604 81 20
123 676 13
353 55 11
641 642 14
830 204 9
519 145 19
823 122 11
300 283 9
472 909 19
827 781 2
625 580 8
948 444 6
855 416 16
685 558 16
940 382 17
516 718 14
276 400 15
842 621 5
396 912 1
219 760 3
841 842 4
757 557 18
17 391 17
826 827 13
414 319 19
487 446 18
784 167 1
677 678 17
595 880 5
458 978 12
5 978 15
393 291 16
125 18 9
69 483 10
267 498 1
242 689 10
703 169 2
181 147 20
999 497 20
647 648 18
991 992 9
515 91 2
161 653 12
427 428 14
209 210 9
448 703 15
700 701 16
914 470 18
411 412 3
918 919 14
566 813 10
155 156 4
622 5 20
342 301 10
812 877 6
281 65 3
1 212 8
856 189 2
937 689 7
954 677 10
74 28 3
844 919 8
180 614 3
41 1 5
750 615 2
132 174 9
528 861 2
236 24 11
941 942 13
879 5 15
322 323 10
480 998 15
699 936 20
231 70 17
174 175 4
233 765 14
232 109 6
745 312 12
184 326 12
879 176 18
863 464 4
122 764 12
232 820 17
192 661 15
73 325 10
394 601 9
979 236 10
790 768 3
244 682 7
126 127 12
429 191 3
28 93 6
70 727 2
702 704 17
453 219 7
297 916 12
271 272 11
12 13 10
777 274 11
576 407 11
725 726 14
880 882 18
772 23 3
912 913 17
789 231 9
788 979 20
243 363 11
935 580 11
41 873 17
170 356 13
39 676 4
841 254 10
312 313 1
150 468 17
311 312 11
438 439 17
895 213 20
976 850 19
163 883 15
51 52 20
159 334 17
368 99 19
450 716 20
769 295 6
24 569 20
117 32 9
546 65 16
911 912 3
543 953 9
125 126 11
157 394 10
440 441 10
379 99 10
566 124 15
56 608 1
699 692 12
136 542 4
360 665 20
412 551 12
625 163 6
625 80 8
84 768 10
399 400 16
791 368 1
889 952 2
140 220 15
82 33 5
950 951 13
103 462 8
795 609 4
485 761 18
600 61 5
906 514 18
771 654 13
945 524 8
618 541 6
140 595 13
124 850 7
821 778 18
634 108 19
58 59 14
989 637 6
828 829 6
629 35 17
202 203 4
949 187 17
470 293 11
42 72 14
65 422 8
722 964 4
843 550 17
318 319 18
426 258 3
297 298 18
467 487 10
855 506 19
77 78 14
807 808 19
300 301 1
26 668 12
13 299 18
456 157 3
936 597 3
718 626 17
240 709 8
916 917 11
137 138 4
960 720 15
76 330 9
927 856 11
85 157 17
972 973 11
476 113 4
4 488 1
740 741 9
602 262 4
757 887 16
824 25 13
877 28 1
679 155 6
7 329 9
816 146 20
425 970 2
64 520 20
922 923 2
40 47 16
894 543 19
431 483 1
845 846 15
898 587 3
781 231 13
542 658 11
516 190 7
847 758 17
756 696 2
412 914 11
346 508 4
265 266 9
318 288 10
107 108 1
186 873 13
137 559 6
600 387 1
930 401 14
736 708 15
809 869 8
962 940 18
562 563 17
641 207 9
251 873 11
225 829 5
152 744 7
126 276 3
311 986 19
686 589 14
139 557 1
403 797 11
949 470 10
277 424 10
754 755 12
201 942 17
249 466 16
239 112 6
260 93 18
912 587 8
288 289 1
215 216 13
104 555 18
872 873 19
312 302 3
66 67 17
465 466 12
159 787 5
220 908 6
504 953 14
641 947 10
18 582 17
819 123 12
386 474 14
814 925 8
443 600 13
199 413 15
9 552 9
816 213 8
668 826 9
975 840 3
223 554 17
457 221 9
416 417 6
974 311 15
296 666 10
433 922 6
177 358 3
983 598 8
167 958 17
776 228 4
569 256 16
838 839 17
542 551 4
250 132 1
43 186 2
478 479 19
525 338 4
23 456 10
942 413 20
29 995 17
792 983 10
286 819 9
768 769 1
728 729 18
534 760 16
424 425 14
601 602 5
551 552 20
711 957 20
934 935 4
175 407 1
694 422 6
843 462 1
25 50 2
909 307 8
901 304 13
803 971 4
532 533 13
256 360 18
670 401 18
641 288 2
262 818 13
34 202 15
110 258 14
701 256 2
463 356 19
203 207 1
118 119 10
690 986 12
115 720 10
482 417 3
159 900 1
345 61 12
231 232 1
585 586 20
406 758 4
884 885 8
191 192 11
620 621 18
753 191 11
122 507 12
725 191 20
167 531 9
377 375 19
486 95 14
860 861 15
20 792 3
313 493 16
73 322 11
396 607 2
535 536 11
56 151 8
729 425 20
433 434 1
78 79 19
551 46 12
259 305 11
948 869 14
989 990 14
32 448 9
891 301 20
11 12 3
942 409 7
237 241 1
737 912 13
707 54 4
27 595 10
121 122 8
384 406 7
546 727 7
854 123 13
628 526 19
388 389 8
773 634 15
930 592 2
985 904 19
137 723 12
922 250 19
921 110 12
258 636 16
64 968 10
243 820 10
731 679 4
157 104 18
313 344 3
340 370 20
226 64 16
675 920 4
881 48 20
96 279 15
386 11 17
800 387 7
234 235 9
773 386 20
361 256 3
519 53 5
707 121 20
527 344 2
964 96 2
784 823 12
339 338 20
567 136 4
807 256 18
540 537 8
339 947 20
249 250 13
503 105 20
165 166 17
253 361 14
714 39 10
899 57 2
552 635 9
228 229 13
520 15 16
268 550 13
415 416 16
937 938 18
645 236 16
100 838 17
365 994 7
357 358 12
361 362 11
960 931 13
459 826 8
33 721 5
750 649 17
942 943 20
817 33 6
479 88 16
430 431 13
282 944 19
106 624 3
190 331 12
882 373 15
558 283 3
41 186 17
887 894 5
73 810 5
655 929 3
465 294 1
638 120 9
967 970 4
892 893 11
799 5 4
272 398 13
344 343 11
733 0 18
904 994 17
732 617 17
838 147 8
655 656 2
319 531 12
722 995 16
777 197 10
202 869 5
640 641 15
773 465 5
730 934 19
473 851 6
688 689 20
320 895 6
340 281 20
245 235 8
299 236 15
230 178 20
320 728 14
31 720 14
953 283 14
542 653 17
109 847 4
756 822 13
36 165 16
703 675 17
675 101 20
372 746 17
103 20 4
240 847 1
197 997 6
678 319 15
800 244 13
319 679 17
566 567 13
674 91 15
351 795 5
638 331 16
484 502 3
185 842 6
860 256 19
305 109 6
334 582 5
512 513 8
410 335 3
672 804 17
523 782 2
933 772 15
758 230 4
642 865 12
581 482 11
187 188 4
507 105 16
243 244 2
560 899 8
725 120 8
285 939 1
277 278 13
565 594 11
731 463 16
54 55 19
479 357 17
871 242 4
630 889 14
527 394 12
174 233 4
623 189 1
525 615 17
62 63 14
837 225 3
64 65 7
676 677 7
175 14 4
192 704 13
390 778 9
615 134 1
791 792 12
101 102 1
29 94 7
895 801 7
547 243 8
442 439 4
80 81 1
839 840 17
895 896 15
912 750 18
992 993 9
44 45 10
141 95 16
587 821 14
466 775 16
27 28 9
688 877 5
364 670 1
820 247 4
854 130 18
655 566 19
911 655 19
451 811 20
2 214 1
550 417 17
419 142 4
73 902 12
230 231 2
562 728 18
255 198 20
28 580 7
617 698 5
30 31 5
820 399 7
643 939 3
776 112 7
435 460 6
267 745 5
793 757 14
198 947 5
266 766 3
383 642 6
2 68 17
288 939 17
424 54 20
699 478 17
501 962 19
612 613 6
338 380 15
410 47 5
890 969 8
378 379 1
904 905 2
471 22 5
887 888 1
180 310 12
383 695 3
447 427 4
330 308 14
743 232 18
65 66 18
253 254 11
42 868 7
722 946 9
682 846 12
233 762 15
314 892 9
500 720 14
369 445 1
350 622 10
301 302 16
345 598 8
357 138 11
888 889 4
953 720 15
872 937 8
166 511 3
879 229 8
968 648 3
14 940 17
612 494 17
852 670 13
859 962 6
985 986 11
595 54 11
70 546 17
837 838 5
867 868 17
494 495 8
165 334 6
20 21 11
477 478 7
49 432 11
109 494 13
656 341 17
129 232 14
729 730 16
384 739 8
403 169 4
629 780 17
962 376 9
999 127 13
817 818 8
590 626 16
659 938 8
906 389 3
413 862 15
917 198 12
496 497 3
395 211 1
826 775 18
28 566 19
269 94 10
926 18 17
413 956 13
404 405 8
860 215 20
129 747 18
856 483 15
898 899 17
432 786 20
900 88 15
385 386 1
212 569 17
767 198 17
936 197 12
374 375 9
986 987 9
22 706 6
358 260 19
94 95 8
387 388 20
751 752 14
143 402 12
95 862 5
871 496 7
830 713 2
887 943 5
730 211 15
531 129 3
915 637 6
227 228 6
9 10 1
50 943 3
948 522 5
851 782 19
492 956 16
366 728 12
291 207 5
487 705 8
973 472 12
698 699 12
442 675 17
414 60 19
285 919 20
980 547 7
633 553 17
543 954 16
643 16 4
214 919 9
369 407 19
716 717 9
315 316 11
29 477 16
283 10 9
592 997 8
214 215 14
711 47 17
964 937 17
339 617 2
631 632 2
574 301 15
367 368 12
733 568 20
909 747 3
771 337 4
978 166 11
708 544 17
251 904 14
133 653 16
672 27 19
48 858 18
654 194 14
40 685 13
845 352 8
501 576 9
212 213 10
714 104 9
926 582 6
246 306 19
873 134 14
508 509 5
557 939 19
750 94 2
424 829 18
998 399 20
479 31 12
636 287 9
450 451 1
524 315 4
880 444 20
667 668 16
32 33 2
525 289 12
977 445 3
399 853 8
55 506 16
362 739 13
135 707 10
346 347 11
930 845 10
897 659 19
939 473 3
204 938 13
989 49 18
515 837 18
414 275 13
200 423 13
705 638 3
490 449 4
726 512 13
441 730 1
854 38 2
827 828 19
899 79 7
622 774 20
955 763 7
554 253 2
556 399 6
461 564 3
991 873 4
87 622 14
640 311 10
669 583 19
400 435 3
979 87 16
417 819 6
802 386 11
109 110 12
224 312 13
297 931 5
988 215 16
37 38 14
705 706 12
547 548 4
971 998 11
377 790 10
561 107 11
130 194 14
985 753 17
587 964 12
397 423 18
894 36 7
308 843 4
449 450 17
307 308 20
453 454 16
514 510 5
674 144 4
788 86 16
81 982 4
878 974 5
882 601 17
12 885 17
962 607 1
854 523 19
421 378 15
24 105 15
109 930 6
821 834 16
409 703 9
297 209 9
565 9 9
509 779 9
920 12 10
534 764 20
435 185 16
643 487 20
712 879 16
213 168 16
586 692 13
128 364 13
694 695 13
359 600 16
821 822 19
807 182 7
869 296 18
714 83 18
515 516 5
629 639 5
351 753 12
674 604 15
207 142 1
241 242 13
322 314 11
767 768 14
690 396 18
801 744 20
755 183 16
159 310 7
74 599 3
577 782 17
516 517 8
83 653 17
115 116 10
491 647 7
787 788 7
606 947 17
122 92 19
221 680 15
235 236 17
891 142 7
58 297 15
462 463 3
354 262 18
621 571 15
112 987 15
742 552 5
888 697 12
450 267 2
438 305 10
639 249 1
904 948 11
593 464 19
418 713 12
863 864 14
604 605 13
398 596 19
560 514 12
990 991 20
281 837 19
567 713 6
509 63 6
903 904 1
441 442 16
122 582 17
652 679 7
357 432 6
943 46 2
576 860 19
701 318 17
805 366 4
882 178 20
770 771 16
248 870 8
661 993 16
145 284 5
425 639 5
801 732 12
42 249 18
448 710 2
864 865 17
214 599 6
327 660 6
348 497 10
515 98 2
290 358 20
974 483 8
569 57 12
717 718 14
28 333 13
716 143 18
780 514 6
480 234 4
298 691 11
424 677 17
741 742 20
545 716 12
813 966 8
346 241 5
354 136 2
161 162 14
913 183 18
817 869 16
38 179 7
192 85 11
916 497 1
376 685 7
283 636 18
642 377 11
404 984 1
114 356 3
409 985 19
377 378 2
650 693 1
44 995 10
303 771 12
41 214 2
149 223 19
383 193 12
636 25 11
787 439 16
50 268 16
135 137 4
370 243 6
232 269 19
723 481 18
637 638 6
535 155 4
252 387 12
391 559 8
778 779 13
175 115 11
754 230 14
107 829 11
91 143 20
488 489 10
851 556 16
864 313 14
620 714 1
459 821 7
725 976 1
475 434 15
499 660 4
714 741 5
389 819 4
199 200 10
280 138 8
231 602 9
479 995 16
636 466 9
998 999 13
555 226 19
223 869 10
50 313 14
134 447 3
589 604 12
793 80 7
683 423 7
405 121 12
143 839 19
963 17 7
875 876 3
474 475 5
316 502 6
25 198 14
133 202 3
813 497 3
704 869 11
461 172 16
979 980 6
567 514 9
427 65 1
500 108 2
668 613 17
142 677 3
604 739 17
651 652 9
850 852 13
129 509 3
363 364 9
975 182 11
566 681 14
149 150 14
461 533 8
341 702 16
472 473 1
301 722 16
143 144 5
793 866 3
189 190 1
816 402 9
310 631 3
557 143 8
821 105 17
755 337 1
857 273 19
266 510 15
890 891 13
271 985 10
882 968 18
929 923 7
610 987 6
573 672 1
363 208 17
709 47 8
663 664 13
212 48 13
133 163 20
35 272 13
601 122 19
152 605 19
902 449 19
787 548 14
977 427 6
913 914 12
657 830 3
402 85 13
516 186 18
552 42 14
258 880 19
588 589 8
568 65 7
994 987 3
386 723 4
792 863 20
852 927 8
354 947 2
266 946 19
38 39 14
188 954 11
437 438 9
629 619 11
164 726 17
63 64 10
953 836 20
769 259 1
979 541 1
823 76 15
943 678 2
447 524 9
179 433 6
426 427 14
952 950 10
322 787 7
956 320 13
150 151 12
886 106 10
156 974 18
514 515 6
335 23 10
29 181 9
223 750 6
574 575 3
904 943 19
162 108 10
96 97 7
309 548 19
607 92 20
28 97 18
443 650 18
196 793 15
941 80 8
700 887 7
9 465 9
709 814 17
695 141 20
652 919 4
655 410 7
380 241 7
3 414 1
200 87 2
20 379 20
193 194 18
759 760 2
500 501 1
832 70 8
966 413 12
656 680 13
877 228 5
181 343 15
797 798 9
188 189 8
853 854 7
23 697 14
663 351 9
774 21 9
190 901 13
902 903 2
375 376 11
294 306 15
585 406 5
605 189 8
808 809 14
112 939 5
986 758 3
358 117 16
763 377 16
926 711 16
861 824 16
234 952 8
930 940 9
880 422 6
909 61 15
361 848 7
560 561 10
159 160 12
325 886 2
66 713 4
585 248 11
77 99 4
256 273 18
341 61 13
213 498 18
989 470 15
592 593 15
195 263 6
632 633 2
863 251 16
960 961 8
398 564 3
536 994 4
345 681 12
577 738 17
277 974 19
442 53 16
511 506 15
86 477 7
280 441 11
845 240 2
994 995 16
900 929 6
709 710 2
762 240 10
783 777 11
365 366 15
490 159 3
284 800 6
248 827 18
272 273 13
612 787 16
580 285 15
626 102 9
543 527 8
316 757 5
52 53 9
272 402 19
163 487 14
530 381 3
716 430 11
336 649 12
718 703 19
652 609 18
332 993 2
433 956 1
186 187 20
809 608 6
448 370 4
801 171 15
361 964 19
80 655 17
878 879 1
879 880 14
788 424 15
836 477 18
406 421 3
825 833 12
914 863 3
56 57 18
363 90 14
825 826 9
360 558 14
39 40 17
929 930 12
565 606 3
245 246 3
812 379 12
473 653 12
281 697 4
68 185 19
50 118 8
108 109 19
974 138 16
503 77 8
836 837 14
204 17 9
92 543 15
221 222 10
867 441 2
434 433 3
654 487 15
427 276 10
726 727 11
642 643 15
788 644 14
570 571 17
391 636 19
694 884 10
262 855 13
811 812 4
993 492 2
110 276 1
463 476 17
94 479 4
920 502 12
895 520 6
880 739 10
136 673 17
836 552 16
225 226 19
281 282 17
515 272 12
280 2 19
175 549 13
589 590 13
482 120 19
163 877 12
693 694 16
980 432 13
296 364 7
879 587 6
470 471 2
523 230 18
432 474 9
316 317 17
744 218 16
199 338 14
471 958 6
564 784 10
82 646 4
637 972 19
947 550 2
810 811 3
303 308 17
608 609 13
807 994 19
575 576 8
248 604 14
878 268 10
692 733 17
801 632 14
603 175 5
65 333 18
56 420 4
715 998 1
813 149 6
129 799 14
939 492 20
970 634 11
156 157 16
302 303 12
526 700 4
970 971 10
688 823 19
785 875 11
202 752 18
396 397 13
46 47 13
289 236 7
185 657 10
533 48 20
739 740 7
463 85 9
552 850 2
399 355 17
503 186 6
463 464 5
839 117 6
447 52 1
778 255 4
119 120 18
273 824 2
453 869 20
537 786 11
918 580 10
996 106 9
991 175 6
439 823 9
542 543 19
759 858 13
2 289 7
107 996 7
581 364 18
90 91 9
539 163 2
495 453 20
564 190 10
110 186 18
18 19 11
435 646 15
641 920 14
791 494 18
20 223 6
313 563 6
778 334 17
391 892 13
992 817 5
247 248 6
635 124 3
990 941 16
835 836 7
750 709 1
636 637 3
991 455 9
53 716 9
911 209 6
103 606 15
22 705 20
49 146 16
645 642 17
65 574 1
288 832 9
16 17 7
973 933 17
447 879 11
65 366 8
823 906 17
705 280 18
910 911 1
62 136 16
995 201 16
396 654 4
809 7 7
693 517 20
127 962 16
328 329 19
910 77 17
971 157 17
104 105 12
408 269 9
964 512 20
160 161 10
412 539 3
291 292 15
460 90 20
2 3 2
238 579 7
56 821 2
299 483 10
954 492 7
327 842 18
764 765 1
476 477 1
35 36 20
343 344 16
110 444 5
873 838 6
898 644 15
841 808 7
590 591 16
697 71 1
801 802 18
193 276 19
536 407 9
220 97 7
848 523 5
55 742 11
536 974 12
520 6 19
59 60 5
138 123 4
423 451 15
383 384 16
772 773 9
948 113 4
962 754 16
953 954 3
893 728 10
329 330 11
467 482 4
171 172 3
787 999 11
614 746 16
775 210 18
875 236 12
892 542 8
472 858 20
828 812 16
1 661 7
487 488 5
451 569 13
110 831 9
333 559 17
369 370 11
550 551 1
316 743 6
972 725 18
55 47 10
518 441 2
442 443 12
822 444 14
539 540 6
175 868 10
968 969 13
699 25 6
280 572 12
943 400 11
153 453 2
951 952 12
936 758 19
732 223 7
477 887 9
795 796 18
911 986 8
28 29 9
760 826 4
910 882 11
695 696 17
940 813 17
820 288 15
291 963 9
640 958 16
522 523 18
233 234 5
384 227 17
789 790 18
573 293 14
983 880 17
286 16 5
590 239 20
660 446 20
363 882 7
311 954 18
670 296 6
371 756 6
662 255 15
974 775 14
431 432 13
722 532 3
391 787 3
51 881 11
136 416 18
675 445 16
929 533 2
188 337 4
572 28 14
572 162 14
351 591 11
910 923 11
87 88 5
836 485 6
900 412 17
144 145 16
733 378 1
855 143 10
685 678 5
702 708 5
491 851 6
816 817 13
745 738 2
122 60 7
977 873 7
779 780 9
775 451 14
966 967 12
758 759 9
63 564 5
790 682 10
844 976 6
467 468 16
57 612 3
178 179 3
82 140 11
276 124 17
641 912 17
654 655 19
831 832 10
628 490 16
230 958 20
402 133 18
576 577 8
164 693 20
854 3 16
793 41 8
940 941 2
559 367 13
976 276 3
737 898 11
422 500 14
179 180 6
295 119 4
840 872 18
507 508 16
96 414 2
335 74 7
620 432 11
871 872 10
861 599 12
849 711 6
369 690 20
575 303 14
465 802 2
608 163 20
170 473 12
355 41 9
596 319 20
651 32 1
20 909 2
290 291 14
861 208 19
211 441 15
631 398 6
688 673 11
465 372 17
456 457 17
41 413 18
493 325 13
368 369 4
554 960 6
548 399 4
347 348 4
261 262 5
0 909 14
509 87 6
569 115 14
347 561 4
857 858 5
821 986 1
631 261 14
70 899 20
64 632 7
820 66 7
862 961 7
971 438 15
75 76 5
5 6 10
743 744 3
35 416 14
396 329 20
79 124 10
726 54 17
788 754 15
772 799 14
779 475 4
88 992 12
114 115 2
528 593 3
310 520 6
331 332 17
452 336 18
302 814 5
699 665 16
512 892 3
885 153 14
111 98 10
221 289 4
77 310 4
484 707 3
500 620 7
451 326 2
46 356 20
953 969 7
256 257 12
196 494 9
172 173 16
733 49 2
395 652 16
519 1 3
771 634 20
855 69 8
904 784 6
904 522 6
555 289 2
993 932 12
122 460 9
386 23 13
353 897 2
349 524 1
872 566 9
8 9 8
110 785 3
811 799 15
851 682 14
245 826 19
520 521 12
466 92 9
564 541 14
726 779 16
279 280 4
466 467 7
688 125 19
276 281 5
405 255 9
5 594 17
785 476 14
923 624 13
717 733 11
421 422 14
596 763 8
101 640 2
287 554 10
319 320 4
987 988 2
117 233 20
249 117 11
303 421 19
554 555 12
132 133 14
448 143 20
263 264 19
28 196 16
803 311 1
594 683 4
954 524 16
829 830 7
793 581 16
286 631 14
872 204 9
489 227 19
525 526 3
666 667 10
793 794 16
856 261 18
185 402 17
468 26 1
476 840 2
577 465 10
250 527 10
35 297 10
252 436 7
269 270 8
881 882 8
480 481 10
294 255 19
148 244 12
507 23 1
400 401 13
15 16 19
581 582 3
28 556 12
800 854 9
273 65 18
347 863 6
163 134 1
23 541 15
869 603 9
330 567 8
527 528 2
686 86 12
611 240 2
88 698 20
485 447 20
718 279 18
269 243 9
553 704 19
69 70 13
419 994 19
855 587 2
152 895 17
93 308 12
395 396 20
178 274 13
106 107 7
231 335 10
380 334 4
681 805 12
506 387 11
74 75 15
458 344 2
61 115 15
13 266 20
623 132 5
487 633 12
975 289 11
684 644 8
878 776 4
218 219 5
685 936 5
899 671 13
744 745 6
550 220 15
588 742 14
25 399 12
749 924 3
413 390 19
336 857 11
619 620 16
206 634 13
927 928 12
602 566 5
493 146 13
736 93 16
713 714 17
646 433 5
684 537 16
24 25 19
627 903 7
229 194 2
270 514 6
975 378 15
456 518 12
970 163 17
342 67 11
967 968 12
868 356 5
977 651 2
967 626 19
751 137 20
394 291 2
637 374 10
417 942 18
521 134 20
674 169 20
649 296 14
43 44 19
790 639 7
209 772 14
965 340 14
787 27 14
398 794 5
989 549 6
633 679 8
58 130 7
977 818 7
657 658 12
195 599 3
476 32 18
361 204 3
564 565 10
709 202 11
103 125 17
394 884 7
715 763 17
486 315 7
325 126 15
70 796 4
232 293 8
628 629 3
171 829 11
757 48 14
815 436 14
434 592 15
232 812 14
701 702 4
402 403 20
353 684 17
450 79 5
1 999 6
266 34 2
625 563 11
425 426 2
200 948 20
429 17 4
453 744 9
397 390 1
437 703 5
471 273 17
854 301 9
575 164 20
968 265 9
757 21 15
7 245 7
712 489 8
129 723 12
881 25 13
664 726 16
987 912 9
644 557 18
822 675 8
717 718 11
295 466 10
135 92 3
142 434 15
558 909 2
286 289 10
935 812 3
685 686 19
878 43 19
36 972 20
869 634 8
75 141 6
298 299 19
168 623 5
796 669 11
727 289 2
510 965 12
363 620 11
376 544 1
27 733 17
331 656 13
302 161 19
100 674 7
990 231 8
672 528 17
136 881 1
639 629 19
256 114 7
833 834 5
371 372 20
503 40 2
354 355 19
269 388 2
14 455 14
380 950 20
180 5 10
633 529 11
200 780 7
173 581 16
869 606 16
480 191 7
856 834 16
434 435 2
300 116 2
418 441 9
828 696 8
596 597 6
59 717 17
791 478 16
989 490 2
232 260 7
14 248 20
669 670 14
766 767 8
490 437 6
531 91 7
265 815 16
27 315 1
644 600 16
352 97 19
53 54 17
802 803 5
231 307 7
611 441 20
259 260 3
456 371 5
582 583 1
161 722 3
326 995 17
951 630 20
331 233 16
203 13 17
536 123 1
401 935 18
638 639 1
250 484 7
368 672 9
796 732 1
158 432 10
970 376 6
472 1 16
267 305 18
307 566 4
637 131 12
638 289 9
19 495 2
513 357 4
154 712 15
569 570 9
582 513 12
197 935 3
415 197 17
868 136 4
868 53 6
213 406 8
815 414 2
482 52 5
321 326 3
246 444 20
632 206 2
532 780 3
249 474 8
403 514 12
896 44 5
751 512 20
509 484 9
483 919 1
460 461 9
840 841 14
110 109 4
353 354 10
836 931 7
823 824 13
702 636 16
790 791 12
572 573 7
850 417 3
5 127 7
199 394 12
239 115 17
742 825 18
649 299 17
29 401 9
660 40 9
477 180 19
867 151 18
503 504 15
328 594 15
81 82 17
583 98 11
936 937 14
32 142 15
72 502 7
251 557 2
656 657 13
708 503 4
61 151 8
724 20 8
57 901 6
125 17 9
210 211 16
680 681 19
564 997 18
166 770 16
832 206 14
441 829 6
802 508 17
894 793 16
7 8 15
538 539 5
583 549 17
983 731 8
362 413 3
432 169 10
573 574 3
320 519 19
314 318 7
773 774 13
929 453 2
287 941 5
995 996 14
254 519 3
376 377 11
306 307 16
140 573 20
18 510 1
188 485 16
116 758 16
229 541 8
375 269 16
435 436 15
902 757 15
650 651 16
30 127 15
310 792 12
67 108 12
159 194 7
836 922 13
601 633 7
1 2 5
699 787 14
297 999 6
486 204 4
251 176 2
74 117 3
871 329 7
30 321 15
513 992 20
163 164 18
605 578 18
171 435 6
643 2 4
600 605 18
685 897 4
341 432 20
652 653 8
105 199 6
878 643 1
858 420 15
827 709 18
388 584 1
955 517 9
579 580 20
291 429 2
861 249 13
158 159 12
473 474 11
859 554 12
657 807 16
377 235 18
179 479 15
0 1 4
190 564 16
284 662 15
556 937 9
453 24 19
148 83 6
965 26 4
432 817 7
980 981 8
201 202 1
923 374 18
915 994 2
93 94 19
262 76 17
416 97 8
170 660 2
878 756 12
593 431 6
380 557 12
739 381 3
951 694 20
644 645 16
323 941 7
901 177 10
496 105 17
578 629 19
784 411 7
55 522 3
901 686 8
691 705 4
767 217 20
634 452 17
218 817 11
398 224 1
877 966 12
198 893 5
647 363 17
42 329 3
234 798 7
681 199 6
495 90 18
274 902 9
877 878 20
933 934 18
678 637 19
292 54 9
120 857 4
370 501 8
802 42 15
37 77 12
599 102 1
730 731 17
754 478 8
467 482 12
755 418 18
859 469 10
842 452 9
534 212 5
523 868 6
757 758 6
874 609 9
323 609 7
972 21 18
935 170 19
629 630 10
835 544 19
413 464 14
884 518 19
280 533 15
951 36 8
166 945 6
272 57 9
696 226 3
976 977 3
506 567 14
300 196 14
550 393 2
917 47 9
533 534 5
952 953 10
51 30 2
306 243 7
5 965 20
752 499 1
947 443 7
432 222 10
866 926 2
651 394 10
911 111 18
152 29 8
140 141 2
405 436 9
497 264 5
635 636 1
749 719 20
173 255 9
251 63 17
522 504 13
392 929 14
158 240 18
942 247 19
238 108 17
43 324 11
504 505 9
31 496 19
777 778 11
673 243 4
978 605 10
948 11 6
285 286 18
614 707 17
113 309 19
527 288 13
723 724 6
30 173 12
252 253 13
10 285 16
212 563 1
588 123 3
791 501 18
646 647 19
591 3 3
937 269 11
143 582 1
325 326 14
782 479 13
921 922 14
334 571 10
232 233 16
418 262 11
115 78 16
469 470 4
996 474 14
945 946 20
511 624 6
468 469 14
358 846 12
601 271 20
691 26 2
345 346 4
750 347 9
607 485 5
251 252 12
522 252 6
340 209 17
660 144 15
442 904 19
887 593 20
948 949 5
457 458 2
226 409 6
849 516 4
505 506 7
699 168 10
534 535 2
190 408 13
870 923 16
573 656 8
663 333 9
282 92 1
238 239 20
855 856 20
281 54 5
216 217 7
764 508 12
209 138 14
836 153 14
655 999 1
19 537 3
909 910 1
724 975 18
406 66 16
343 112 13
669 308 18
618 619 8
872 768 4
618 402 10
303 746 11
278 739 5
302 346 16
391 328 10
277 197 18
249 817 1
739 50 12
674 675 19
245 138 14
286 875 17
253 274 13
588 7 4
638 774 17
337 482 11
965 966 14
257 574 10
927 476 4
337 338 3
254 919 20
937 886 11
398 538 4
620 856 2
438 354 13
239 123 20
200 990 10
239 240 16
619 711 4
309 729 18
596 520 3
915 837 5
880 764 15
554 183 1
111 409 14
964 948 10
868 533 20
802 585 13
613 807 9
93 435 6
134 79 13
5 552 15
842 843 17
210 125 4
244 245 18
82 83 11
481 482 6
733 837 15
481 123 9
356 357 16
441 540 15
549 265 7
15 355 19
31 32 12
506 893 14
627 628 8
951 833 7
205 206 10
642 0 14
47 292 16
344 677 16
939 940 7
40 414 13
735 499 3
594 595 7
307 422 18
513 811 4
464 230 6
213 214 5
663 650 13
278 980 1
521 581 6
254 364 12
254 846 15
662 884 11
525 381 7
28 526 20
516 249 9
795 184 12
861 569 20
793 809 9
350 230 2
888 223 16
427 725 11
679 882 12
706 78 5
394 395 12
231 533 7
702 106 18
184 13 10
444 843 16
71 915 13
75 327 13
326 327 6
587 136 11
706 245 10
584 165 14
49 63 4
419 767 8
309 310 5
228 448 2
940 226 17
232 872 5
337 586 15
984 194 8
53 279 7
446 223 12
743 683 18
762 289 11
519 898 1
985 643 16
49 2 7
305 306 19
348 138 1
737 849 8
232 955 16
55 56 3
501 414 8
931 132 1
603 819 3
129 93 14
389 499 15
287 362 11
417 418 17
640 819 17
469 145 20
785 786 10
9 930 20
399 182 9
983 84 14
117 269 6
481 657 11
967 999 17
802 487 17
594 239 13
106 895 20
270 389 6
51 92 11
133 53 17
931 895 13
294 295 20
931 932 16
501 812 16
758 36 13
852 376 3
220 221 5
661 302 7
999 984 4
890 681 4
213 672 12
212 256 9
229 527 11
812 888 11
390 588 3
221 247 4
718 124 9
200 201 11
403 806 5
438 199 7
763 647 17
440 218 18
265 672 2
260 261 5
553 554 17
692 65 1
212 658 2
835 496 20
739 942 6
59 640 3
467 56 16
790 483 10
688 3 13
401 341 11
244 565 12
609 708 7
568 569 14
893 494 20
991 201 8
304 661 12
729 17 8
127 709 15
438 566 19
499 410 8
208 982 3
871 414 2
352 65 7
795 470 19
644 518 8
704 98 7
89 389 12
339 168 12
826 969 4
801 930 2
846 847 15
290 300 7
364 626 11
718 719 19
979 586 2
854 411 10
379 233 1
329 837 15
561 671 5
498 499 15
169 645 15
518 414 2
466 949 3
720 721 12
655 865 1
21 718 8
861 862 19
732 643 16
780 909 15
663 997 2
921 398 9
676 918 10
826 954 15
103 82 7
461 267 14
388 478 10
137 698 20
50 51 10
254 450 17
661 235 8
752 753 19
519 520 4
480 476 13
525 677 7
88 89 17
266 879 10
669 396 16
594 696 10
670 671 16
333 200 4
379 544 10
395 240 16
34 35 12
420 914 20
702 703 10
556 212 16
338 557 7
642 299 15
184 131 4
362 164 18
686 687 10
123 684 15
531 64 7
59 969 4
63 515 4
982 908 19
718 387 19
920 643 20
78 186 13
37 466 4
900 897 20
342 815 20
240 241 15
451 452 17
324 729 7
224 821 5
203 204 11
191 376 19
414 415 13
486 487 15
216 738 17
425 618 6
991 393 17
611 612 18
977 612 18
655 954 7
89 90 13
17 695 17
762 961 15
155 889 7
985 919 20
721 733 10
707 708 5
357 606 20
752 793 12
761 971 12
362 87 2
24 971 15
310 311 3
245 40 9
630 89 17
752 554 9
743 268 9
545 546 11
672 673 17
706 510 2
633 45 12
467 75 5
642 601 8
987 860 16
710 493 3
384 698 19
372 373 12
96 484 5
903 84 1
622 175 20
168 925 2
618 839 15
653 256 1
382 496 12
828 699 6
982 983 6
439 102 9
634 988 3
928 858 4
739 494 20
626 627 7
17 18 6
476 749 6
821 832 17
873 415 8
721 679 5
192 119 18
867 850 1
458 312 8
786 787 8
776 777 6
208 150 14
658 659 12
876 795 1
199 406 17
276 277 20
917 811 8
874 137 7
543 46 9
637 551 16
875 485 20
90 856 2
556 757 5
688 805 6
957 958 13
959 12 11
607 608 13
167 822 13
591 592 2
442 13 15
190 191 4
745 121 19
954 64 4
378 660 10
147 998 13
753 637 10
165 0 9
34 925 12
643 585 12
710 433 18
86 987 5
456 216 9
81 618 5
631 137 19
481 120 8
814 815 2
490 947 9
952 423 16
466 917 16
664 665 16
561 150 12
335 336 20
496 297 6
312 541 19
501 502 19
648 649 16
140 486 6
360 361 16
956 957 12
622 460 2
659 71 19
432 377 11
37 485 17
695 223 13
832 833 12
845 951 16
370 90 14
136 573 3
775 436 17
755 847 1
169 636 8
905 906 13
630 631 1
714 124 17
577 886 15
67 841 6
335 856 18
839 306 2
350 871 2
159 923 3
588 560 10
900 901 7
34 810 10
188 16 17
758 238 15
390 243 11
410 444 2
564 840 14
213 99 18
924 925 13
395 304 16
559 135 1
630 798 19
846 364 6
608 903 10
812 782 18
640 944 3
127 498 10
184 762 7
762 763 19
701 673 11
241 895 13
30 776 14
568 187 19
954 386 2
342 970 17
82 754 9
305 898 19
506 942 16
451 744 19
506 504 19
559 44 17
692 693 3
652 30 10
487 914 7
409 386 19
270 271 5
128 129 8
270 54 7
761 762 12
862 926 1
837 855 10
18 971 19
295 296 1
883 961 20
197 198 17
215 806 18
364 365 10
804 805 1
4 5 8
403 404 3
938 685 15
825 483 12
461 615 17
724 618 3
287 30 13
484 300 4
409 306 9
906 539 2
263 904 2
953 395 16
562 884 8
436 39 12
789 833 13
614 393 13
419 389 4
84 930 12
833 691 8
335 634 11
885 292 16
395 372 14
400 600 11
298 680 5
72 825 12
605 212 15
874 875 13
573 382 17
282 79 14
135 727 3
446 89 1
759 145 14
329 330 1
743 632 5
435 202 19
217 581 4
294 393 20
982 22 7
116 117 19
626 768 12
107 183 6
751 698 5
18 142 18
843 88 4
893 894 9
374 107 17
264 265 8
135 525 3
360 25 3
102 103 1
536 424 19
495 496 17
763 921 14
555 413 15
694 468 19
722 900 13
71 220 18
397 59 8
564 962 8
995 92 10
37 95 10
542 464 2
459 426 11
208 209 20
0 557 6
438 403 2
725 683 16
970 14 16
465 85 3
58 679 8
899 900 11
822 823 13
348 580 4
518 519 9
422 698 4
903 941 13
376 46 3
538 431 18
142 456 2
8 949 4
173 658 7
582 59 2
190 33 12
287 877 4
403 219 12
392 623 3
248 892 18
441 961 14
29 453 20
558 559 9
685 882 14
83 93 11
304 305 20
599 751 13
784 267 12
411 23 12
282 283 7
865 981 2
724 725 12
125 805 11
454 975 18
675 775 2
958 599 17
614 615 9
398 294 2
704 705 18
261 209 9
601 427 7
601 606 9
920 921 6
512 304 10
925 838 3
957 447 13
491 337 17
993 994 7
865 866 11
245 995 19
246 433 17
593 702 6
664 254 5
234 902 19
641 384 9
212 546 5
600 601 4
305 355 12
432 954 20
487 177 13
196 197 20
548 934 19
824 504 17
429 323 7
482 266 12
195 470 10
385 33 6
277 767 6
186 590 4
89 418 8
59 839 19
70 71 17
858 105 1
236 360 6
453 757 2
455 654 19
869 870 20
184 190 12
615 271 7
110 615 11
975 230 11
641 834 19
21 936 11
450 995 7
169 441 2
716 29 11
757 109 10
675 226 4
931 907 3
19 572 6
683 56 20
944 945 14
321 638 19
826 693 20
65 432 20
623 624 13
433 654 20
530 531 11
732 733 5
407 390 11
544 288 3
764 82 20
332 333 20
780 603 4
639 640 3
599 600 20
558 736 3
981 28 9
917 372 3
148 382 2
678 815 9
739 316 5
18 614 2
366 367 7
136 862 18
695 757 17
549 550 11
938 939 4
310 910 19
152 197 18
736 737 14
103 896 3
349 208 14
391 225 11
281 969 2
784 785 19
151 152 19
423 424 8
73 74 8
120 776 12
791 320 6
329 876 4
690 893 17
778 411 1
928 929 9
42 180 11
231 439 2
487 110 14
229 846 12
90 571 9
580 670 13
640 813 8
65 347 5
479 480 8
746 834 7
579 726 5
464 465 17
846 336 1
217 652 20
292 282 4
346 669 10
916 546 10
663 382 2
852 808 15
734 716 10
352 64 17
103 693 20
218 455 8
404 68 1
150 32 6
357 780 17
393 95 5
555 556 15
708 578 2
882 883 12
871 797 15
84 85 1
886 887 8
484 27 10
158 684 19
162 847 11
194 195 17
635 571 17
64 652 7
695 436 4
525 92 7
509 619 9
943 794 10
346 495 4
539 687 20
659 668 13
91 25 13
424 303 16
246 247 18
201 74 15
269 216 4
610 611 12
994 117 13
756 792 2
943 944 11
625 539 7
978 380 10
439 116 3
897 547 7
434 608 2
633 125 13
286 287 18
986 137 15
812 813 19
239 41 1
45 46 10
374 40 20
475 600 9
350 947 1
944 497 2
359 360 19
298 719 16
419 420 16
341 342 5
38 78 6
261 740 10
791 956 19
365 488 1
74 508 8
977 978 11
377 547 10
745 746 9
995 409 3
579 626 14
643 298 1
550 650 3
159 427 18
841 36 11
861 196 1
559 560 9
174 92 17
827 526 17
721 935 16
819 867 4
157 81 3
254 152 8
632 993 7
247 728 10
583 584 15
199 691 19
368 212 12
195 497 20
77 910 2
996 997 11
494 463 4
222 223 4
819 820 13
432 79 13
206 111 19
432 433 16
615 616 20
922 129 17
598 599 19
465 470 5
198 632 14
308 309 16
336 666 15
166 167 19
288 906 5
278 499 7
757 351 16
356 583 18
829 291 16
545 507 12
145 398 11
933 341 12
156 533 5
716 956 12
351 352 5
597 261 6
258 362 14
145 910 14
494 926 20
68 476 19
75 135 1
370 45 7
581 563 11
570 536 19
524 525 17
230 294 10
504 423 5
428 588 9
550 507 20
391 392 5
472 129 13
919 14 1
503 220 2
342 117 13
597 598 18
500 249 5
351 203 16
151 350 6
985 546 12
834 645 3
613 860 4
681 437 11
289 954 15
217 881 17
754 439 15
79 723 10
912 632 17
439 986 11
7 661 20
527 981 18
368 386 5
333 334 14
585 291 14
609 140 16
968 360 7
704 56 5
413 66 4
450 222 20
681 855 12
714 715 18
9 597 5
645 901 10
685 739 7
898 175 4
609 920 19
344 126 5
749 750 16
86 223 16
389 390 14
100 101 1
722 189 19
879 646 6
774 775 12
980 347 5
29 30 16
227 404 8
517 149 5
754 846 15
302 356 6
36 60 9
636 974 13
148 149 10
829 627 7
429 183 16
975 376 14
36 139 9
907 908 10
988 989 20
473 429 12
27 654 7
198 512 4
344 635 16
469 93 14
578 723 1
747 45 13
699 700 20
404 49 16
113 142 13
853 200 16
711 858 8
642 318 10
602 944 5
149 768 11
649 689 3
552 553 17
236 344 3
342 526 7
617 531 20
228 440 17
727 728 1
432 737 13
374 288 3
902 749 17
297 869 5
734 677 5
781 782 19
492 493 6
268 785 7
512 630 12
951 337 4
382 273 14
115 20 10
147 820 18
187 119 3
236 237 11
888 791 15
296 425 14
313 675 17
512 923 18
64 107 9
199 608 10
817 304 7
717 179 7
818 819 12
931 322 14
858 700 6
486 38 12
983 528 15
90 698 12
531 898 15
765 920 10
482 614 15
834 835 6
991 274 10
272 989 19
81 37 20
757 143 12
112 113 3
336 99 14
780 781 1
496 158 16
91 92 3
744 667 10
40 420 1
567 568 19
772 58 10
382 383 9
509 510 15
711 712 9
250 213 18
266 481 14
850 979 13
19 20 18
918 174 16
488 341 9
889 573 6
686 195 2
971 972 13
712 713 12
796 480 8
424 680 9
795 325 16
422 619 1
248 417 2
330 331 20
31 831 12
318 644 4
386 387 18
917 918 8
439 440 12
314 315 20
338 837 3
205 989 2
367 831 4
418 419 12
896 890 5
98 302 10
731 732 8
235 513 4
8 221 6
398 815 15
261 856 13
859 156 9
326 39 18
430 173 8
107 862 17
445 446 1
94 457 17
795 507 19
932 821 13
167 692 19
434 301 19
665 823 6
142 616 11
858 387 15
700 111 15
93 719 6
766 993 18
305 851 5
955 956 4
576 870 12
962 338 5
138 21 18
996 710 11
101 934 5
595 596 6
892 718 17
794 702 4
826 49 14
769 770 4
311 243 3
830 831 14
158 934 13
315 70 16
267 268 9
367 511 1
432 680 7
221 636 3
923 371 18
339 250 10
906 217 12
291 467 16
355 356 1
26 27 5
957 721 3
800 62 3
120 121 6
577 578 2
458 44 1
393 238 20
120 478 14
65 54 1
920 613 4
261 292 13
192 193 17
105 727 18
403 689 7
848 497 16
512 642 11
1 606 1
107 592 6
462 90 7
107 846 7
532 997 8
446 447 12
86 430 3
213 573 17
326 523 1
332 339 4
581 858 12
341 131 18
374 933 12
873 123 20
609 432 16
494 536 2
763 918 6
465 178 13
162 163 1
46 405 14
236 271 11
350 810 13
9 796 6
952 692 12
325 541 7
988 985 9
193 131 4
156 503 20
182 183 8
393 394 10
198 54 15
313 314 13
373 35 19
870 27 11
883 829 4
794 411 18
564 325 20
300 700 17
746 747 16
923 924 7
157 298 5
821 484 2
983 984 4
72 411 4
802 836 12
133 368 14
991 240 14
430 512 13
850 851 19
656 703 15
653 654 18
137 210 12
0 688 11
4 142 8
968 702 19
174 578 8
691 173 12
444 598 11
854 855 15
37 997 13
157 247 16
348 760 9
763 576 2
433 429 16
689 673 14
660 758 13
82 904 18
963 964 7
558 276 11
206 693 11
489 794 7
296 769 17
405 406 14
946 947 6
16 710 15
275 738 9
281 384 2
859 860 17
893 141 13
444 780 1
218 646 11
234 433 20
852 455 2
261 572 1
548 549 14
562 867 12
524 650 16
110 111 5
925 403 15
582 523 8
282 660 4
949 950 2
250 174 11
790 360 10
248 258 11
119 452 5
945 522 1
144 880 4
41 42 9
823 432 16
229 230 2
430 234 7
715 716 20
246 792 11
475 476 2
622 623 18
475 259 4
79 80 16
754 307 8
199 306 12
235 733 9
443 444 10
454 65 5
632 698 14
123 498 11
734 735 16
63 473 8
344 703 7
329 898 11
984 985 15
73 175 15
253 801 15
734 545 13
713 563 5
385 854 7
235 52 11
851 852 3
61 62 12
57 551 6
883 375 10
964 836 12
980 928 18
429 430 5
32 294 10
169 170 14
190 470 8
287 63 11
64 116 20
941 90 1
716 350 19
282 73 7
575 681 7
833 82 14
517 472 2
542 740 12
481 502 19
519 890 18
448 35 15
80 503 1
984 950 20
47 48 7
671 727 15
496 99 1
514 573 2
503 359 5
234 613 6
797 614 15
370 115 4
812 487 14
593 728 4
287 728 10
884 452 7
912 327 3
870 871 16
797 306 20
217 218 2
820 553 14
124 389 16
448 449 18
250 251 20
390 391 14
795 935 2
916 84 14
524 652 9
444 967 16
155 8 2
875 126 18
575 444 2
382 615 11
235 9 6
519 651 4
309 187 20
835 534 19
977 974 6
602 603 15
344 379 2
418 736 18
75 770 8
753 549 13
706 529 12
110 564 4
972 817 10
190 184 16
684 685 5
853 213 5
736 320 5
526 409 5
235 92 17
284 285 20
508 627 19
503 980 4
336 810 3
455 456 12
664 218 9
882 420 6
45 401 18
292 293 15
466 817 9
69 723 11
178 143 10
651 327 1
709 517 16
606 415 2
380 381 7
866 342 9
498 782 20
587 939 15
469 544 9
125 359 11
674 557 4
539 753 18
12 207 14
494 805 16
159 689 20
147 148 5
626 753 11
672 837 3
805 806 1
149 935 5
363 765 10
52 984 1
109 609 11
966 744 7
133 200 14
539 566 20
606 520 14
407 408 9
290 666 6
618 82 8
898 673 19
258 259 13
667 158 19
403 470 20
149 774 6
824 825 1
895 690 2
135 136 3
949 353 14
303 641 18
100 534 8
140 718 3
368 978 18
617 621 9
662 749 13
741 259 5
834 85 9
358 764 18
856 789 12
590 938 19
941 938 17
316 97 3
956 695 2
394 749 20
600 362 14
605 545 9
19 755 16
969 970 13
657 805 17
653 699 7
633 719 8
653 877 13
572 776 13
899 633 1
500 963 10
876 877 15
53 417 10
632 454 6
843 844 10
465 62 16
818 460 17
29 384 12
214 777 5
154 155 12
819 473 17
323 851 3
417 994 4
138 139 1
896 824 18
636 587 11
29 590 9
543 318 12
996 287 20
562 144 8
851 947 13
643 116 4
746 756 14
534 817 2
64 701 2
458 956 17
320 603 7
117 118 14
578 380 5
753 488 20
703 850 6
894 778 8
284 305 16
275 987 6
505 845 2
198 199 8
545 190 16
668 669 11
549 416 4
881 535 6
311 710 8
138 939 16
780 265 8
123 124 3
946 630 19
508 200 9
431 229 4
529 37 13
156 60 4
662 663 15
255 759 16
83 104 8
975 976 11
383 525 10
560 157 2
507 314 3
740 810 18
221 57 20
906 931 15
147 149 15
176 177 10
823 749 9
213 713 18
718 0 12
719 720 16
570 579 19
783 784 5
240 260 16
309 217 9
908 909 1
775 860 10
62 759 11
774 223 15
875 582 7
633 634 19
414 855 7
733 995 3
467 277 17
653 693 18
735 923 13
430 585 11
580 581 4
217 871 6
47 558 19
587 579 8
983 612 2
194 159 10
749 539 2
900 931 19
128 926 15
802 457 7
141 142 5
834 718 3
485 68 1
511 512 12
757 884 3
499 668 12
470 863 7
571 385 4
765 360 16
671 672 2
529 530 5
129 504 2
397 398 10
635 675 3
256 951 17
63 919 20
709 989 13
746 781 18
145 313 6
936 796 19
276 840 11
651 357 3
448 452 10
976 939 13
877 107 3
27 533 7
43 63 17
630 287 3
428 523 10
83 139 7
929 123 1
229 268 6
461 462 16
708 832 15
67 311 3
690 258 12
400 333 16
464 97 6
926 361 6
436 878 5
342 950 9
131 132 9
593 311 15
564 134 14
124 953 7
90 153 5
784 606 14
536 679 2
536 174 15
682 683 6
277 173 16
204 205 10
638 466 14
189 533 12
406 407 4
26 552 19
932 933 5
228 89 6
444 976 14
816 913 18
755 756 7
665 44 19
268 269 3
997 757 6
126 142 18
840 900 14
129 130 5
652 47 18
674 688 20
99 777 10
823 959 8
886 531 7
897 898 17
239 399 14
320 321 4
357 174 19
774 916 10
803 792 19
652 370 11
692 337 8
195 900 9
101 654 8
849 111 2
244 756 17
745 532 5
822 249 6
680 441 3
762 461 14
886 292 4
688 515 2
133 134 14
271 899 5
155 963 12
793 588 6
154 964 8
823 935 14
173 311 6
587 588 17
299 457 1
514 141 13
911 749 3
64 784 2
408 409 9
952 723 13
134 135 17
922 233 16
517 518 1
955 472 18
461 372 20
392 500 16
243 465 12
27 239 2
191 437 17
541 542 7
919 920 2
226 225 19
116 107 15
318 168 2
551 981 14
334 335 7
913 189 6
707 754 18
340 341 20
480 323 3
755 192 7
558 627 17
885 886 4
889 890 3
663 577 11
554 636 17
843 204 4
625 147 15
523 524 3
474 188 1
989 587 4
634 874 14
471 9 11
474 158 14
16 650 19
373 374 17
280 306 8
303 821 19
180 181 8
47 871 10
240 678 6
937 723 13
564 599 10
734 797 14
940 723 10
795 733 6
996 234 9
604 989 2
459 537 17
26 892 20
847 809 14
385 275 9
457 340 4
22 898 15
297 708 14
155 722 5
57 58 11
210 224 6
895 105 11
65 425 3
777 270 8
502 715 6
3 4 6
24 96 7
692 505 10
962 701 10
485 186 8
662 483 7
112 758 5
92 93 1
911 716 15
813 465 18
274 275 15
109 396 15
766 43 4
257 517 9
905 109 18
